previous erupted case (longPIL/20171211102637)
		nodata	nodata	nodata	nodata	1.35	2.81	1.50	
		(~6.6?)	(~0.3?)	(~1.0?)	(~0.3?)
----------------------------------------------------------------------------
		parameters		      |		results
----------------------------------------------------------------------------
filename	sx/sy	sy	lpil/sy	dty/sy|	n1.0/sy	n1.5/sy	(dBz/dy)*sy
----------------------------------------------------------------------------
20180612072636	1.0	5.0	0.2	0.1   |	0.66	1.46	9.90
20180612080541	4.0	1.0	1.0	0.5   |	1.31	2.64	1.35
20180612082136	4.0	1.0	1.0	0.1   |	1.22	2.55	6.51
20180612083233	4.0	1.0	1.0	1.0   |	1.45	2.80	0.79
20180612084139	2.0	2.0	0.5	0.5   |	1.00	2.03	2.02
20180612085054	2.0	2.0	0.5	0.25  |	0.925	1.94	3.64
20180612090117	2.0	2.0	0.5	0.05  |	0.875	1.91	17.68
20180612091007	2.0	2.0	0.5	0.15  |	0.895	1.92	5.94
20180612092757	4.0	1.0	1.0	0.3   |	1.26	2.58	2.19
20180612093957	2.666	1.5	0.666	0.0666|	0.993	2.14	12.18
20180612095756	2.666	1.5	0.666	0.2   |	1.02	2.1533	4.09
20180612100716	2.666	1.5	0.666	0.333 |	1.06	2.1866	2.51
20180612101844	2.666	1.5	0.666	0.666 |	1.166	2.3	1.33
20180612104035	5.0	0.5	1.0	0.6   |	1.38	2.78	1.16
20180612105246	6.25	0.4	1.0	0.75  |	1.475	2.975	0.98
20180612112717	6.66	0.3	1.0	0.66  |	1.433	2.966	1.08
20180612114412	6.66	0.3	1.0	0.33  |	1.343	2.888	2.01
(This result [0612114412] is similar to previous erupted case?)
20180612120843	4.0	0.5	1.0	0.2   |	1.24	2.56	3.29
20180612123259	4.0	0.5	1.0	0.4   |	1.28	2.6	1.67
20180612124625	2.0	1.0	0.5	0.2   |	0.91	1.93	4.50
20180612125702	2.0	1.0	0.5	0.1   |	0.88	1.91	8.87
20180612163642	4.0	1.0	1.5	0.1   |	1.48	2.90	4.28
20180612170650	5.0	1.0	1.2	0.1   |	1.36	2.82	5.55
(This result [0612170650] is similar decay index,
 but highly SPIL to previous erupted case?)
---------------------------------
from here, calculated by new code
----------------------------------------------------------------------------
filename	sx/sy	sy	lpil/sy	dty/sy|	n1.0/sy	n1.5/sy	(dBz/dy)*sy
----------------------------------------------------------------------------
20180813114340	5.0	1.0	1.2	0.1   |	1.36	2.82	5.55
20180816100747	6.66	1.0	1.0	0.333 |	1.35	2.88	1.97
20180816110242	6.66	1.0	1.0	0.1   |	1.30	2.84	6.51
20180816113927	6.66	0.3	1.0	0.166 |	1.17	2.83	3.93
